data = [
-7.767, -7.111
-0.333, 0.857
]

x1 = data(:,1)
x2 = data(:,2)

y = 4.443-8.112 .* x1 + 3.028 .* x2-(0.025 .* x1 .* x2)